
A.C. SERVITURISMO LOS ANDES                                           28/08/2000
Reporte General de Servicios por Control desde  Hasta                 Pág 1
================================================================================
Control #                     Llamadas Normales     Llamadas al 800       Total
================================================================================
100                              25                        0             25
101                              90                        0             90
102                              70                        0             70
103                              93                        0             93
104                              89                        0             89
105                              94                        0             94
106                              82                        0             82
107                             110                        0            110
108                             179                        0            179
109                             165                        2            167
110                             201                        0            201
111                              22                        0             22
112                             107                        2            109
113                             125                        0            125
114                             144                        1            145
115                              74                        0             74
116                             144                        0            144
117                             196                        0            196
118                             175                        1            176
119                              48                        0             48
120                              70                        2             72
121                               1                        0              1
122                              48                        0             48
123                              27                        0             27
124                             117                        1            118
125                             146                        0            146
126                              67                        0             67
127                              78                        0             78
128                             196                        0            196
130                             137                        0            137
131                             234                        1            235
132                             149                        1            150
133                             113                        0            113
134                             111                        0            111
135                             227                        1            228
136                              63                        0             63
137                              58                        0             58
138                              71                        0             71
139                             150                        1            151
140                             157                        0            157
141                              67                        0             67
142                             154                        1            155
143                              29                        0             29
144                              42                        1             43
================================================================================
Totales ...                    4745                       15           4760
================================================================================
A.C. SERVITURISMO LOS ANDES                                           28/08/2000
Reporte General de Servicios por Control desde  Hasta                 Pág 2
================================================================================
Control #                     Llamadas Normales     Llamadas al 800       Total
================================================================================
146                             106                        0            106
147                              71                        0             71
148                             171                        1            172
149                             212                        0            212
150                             122                        1            123
151                             168                        2            170
152                             166                        0            166
153                             138                        0            138
154                             166                        0            166
155                              50                        0             50
156                             157                        1            158
158                             202                        2            204
16                              100                        0            100
160                             126                        0            126
161                             131                        0            131
162                              68                        0             68
163                             187                        2            189
165                              84                        0             84
166                             102                        0            102
167                              67                        0             67
168                              50                        0             50
169                              68                        0             68
170                             146                        1            147
171                             186                        3            189
172                             123                        2            125
173                             204                        1            205
174                              96                        1             97
175                              50                        0             50
176                             112                        0            112
177                             247                        0            247
178                              95                        1             96
179                               5                        0              5
180                              55                        0             55
181                             193                        1            194
183                             133                        2            135
184                              49                        0             49
185                             154                        2            156
187                              13                        0             13
188                              89                        0             89
189                             147                        0            147
190                             106                        1            107
191                             117                        1            118
192                             121                        0            121
193                             109                        0            109
================================================================================
Totales ...                   10007                       40          10047
================================================================================
A.C. SERVITURISMO LOS ANDES                                           28/08/2000
Reporte General de Servicios por Control desde  Hasta                 Pág 3
================================================================================
Control #                     Llamadas Normales     Llamadas al 800       Total
================================================================================
195                              80                        0             80
196                              74                        0             74
197                               1                        0              1
================================================================================
Totales ...                   10162                       40          10202
================================================================================